{
 "cells": [
  {
   "cell_type": "markdown",
   "id": "fifteen-sailing",
   "metadata": {
    "id": "fifteen-sailing"
   },
   "source": [
    "# Лабораторная работа №1\n",
    "## Выполнил студент группы БПИ2303 Курмашев Данил Равкатович\n"
   ]
  },
  {
   "cell_type": "markdown",
   "id": "particular-syndicate",
   "metadata": {
    "id": "particular-syndicate"
   },
   "source": [
    "### Оглавление\n",
    "1. [Задание 1](#Задание-№1)\n",
    "2. [Задание 2](#Задание-№2)\n",
    "3. [Задание 3](#Задание-№3)\n",
    "4. [Вывод](#Вывод)"
   ]
  },
  {
   "cell_type": "markdown",
   "id": "arctic-stocks",
   "metadata": {
    "id": "arctic-stocks"
   },
   "source": [
    "### Задание №1\n",
    "<i> Вызвать функцию print() и передать туда строку Hello, World! </i>"
   ]
  },
  {
   "cell_type": "code",
   "execution_count": null,
   "id": "caring-truck",
   "metadata": {
    "id": "caring-truck",
    "scrolled": true
   },
   "outputs": [],
   "source": [
    "print(\"Hello World\")"
   ]
  },
  {
   "cell_type": "markdown",
   "id": "maritime-conversation",
   "metadata": {
    "id": "maritime-conversation"
   },
   "source": [
    "### Задание №2\n",
    "Написать генератор случайных матриц(многомерных), который принимает\n",
    "опциональные параметры <b>m</b>, <b>n</b>, <b>min_limit</b>, <b>max_limit</b>, где <b>m</b> и <b>n</b> указывают размер\n",
    "матрицы, а <b>min_lim</b> и <b>max_lim</b> - минимальное и максимальное значение для\n",
    "генерируемого числа."
   ]
  },
  {
   "cell_type": "code",
   "execution_count": 2,
   "id": "built-contact",
   "metadata": {
    "id": "built-contact"
   },
   "outputs": [],
   "source": [
    "import random\n",
    "import time"
   ]
  },
  {
   "cell_type": "code",
   "execution_count": 3,
   "id": "alert-charm",
   "metadata": {
    "id": "alert-charm",
    "outputId": "c95dd9e7-d076-4718-b6fb-25f2e6bc03b9"
   },
   "outputs": [
    {
     "data": {
      "text/plain": [
       "[[110,\n",
       "  231,\n",
       "  46,\n",
       "  227,\n",
       "  119,\n",
       "  160,\n",
       "  130,\n",
       "  281,\n",
       "  106,\n",
       "  56,\n",
       "  60,\n",
       "  206,\n",
       "  128,\n",
       "  172,\n",
       "  33,\n",
       "  223,\n",
       "  49,\n",
       "  259,\n",
       "  272,\n",
       "  113],\n",
       " [120,\n",
       "  166,\n",
       "  204,\n",
       "  131,\n",
       "  162,\n",
       "  251,\n",
       "  289,\n",
       "  95,\n",
       "  220,\n",
       "  82,\n",
       "  68,\n",
       "  264,\n",
       "  123,\n",
       "  291,\n",
       "  228,\n",
       "  42,\n",
       "  117,\n",
       "  186,\n",
       "  249,\n",
       "  140],\n",
       " [279,\n",
       "  172,\n",
       "  36,\n",
       "  225,\n",
       "  162,\n",
       "  147,\n",
       "  194,\n",
       "  112,\n",
       "  82,\n",
       "  230,\n",
       "  296,\n",
       "  96,\n",
       "  197,\n",
       "  57,\n",
       "  132,\n",
       "  136,\n",
       "  1,\n",
       "  123,\n",
       "  186,\n",
       "  17],\n",
       " [49,\n",
       "  73,\n",
       "  242,\n",
       "  283,\n",
       "  17,\n",
       "  54,\n",
       "  280,\n",
       "  6,\n",
       "  50,\n",
       "  57,\n",
       "  29,\n",
       "  168,\n",
       "  40,\n",
       "  86,\n",
       "  239,\n",
       "  236,\n",
       "  218,\n",
       "  195,\n",
       "  265,\n",
       "  73],\n",
       " [43,\n",
       "  156,\n",
       "  70,\n",
       "  227,\n",
       "  292,\n",
       "  67,\n",
       "  196,\n",
       "  62,\n",
       "  93,\n",
       "  223,\n",
       "  232,\n",
       "  38,\n",
       "  275,\n",
       "  126,\n",
       "  27,\n",
       "  188,\n",
       "  63,\n",
       "  300,\n",
       "  63,\n",
       "  279],\n",
       " [226,\n",
       "  113,\n",
       "  143,\n",
       "  24,\n",
       "  10,\n",
       "  193,\n",
       "  173,\n",
       "  249,\n",
       "  101,\n",
       "  261,\n",
       "  208,\n",
       "  179,\n",
       "  296,\n",
       "  115,\n",
       "  83,\n",
       "  238,\n",
       "  99,\n",
       "  43,\n",
       "  293,\n",
       "  217],\n",
       " [32,\n",
       "  100,\n",
       "  52,\n",
       "  209,\n",
       "  246,\n",
       "  234,\n",
       "  260,\n",
       "  280,\n",
       "  43,\n",
       "  104,\n",
       "  255,\n",
       "  269,\n",
       "  168,\n",
       "  116,\n",
       "  234,\n",
       "  243,\n",
       "  293,\n",
       "  200,\n",
       "  13,\n",
       "  88],\n",
       " [297,\n",
       "  286,\n",
       "  130,\n",
       "  202,\n",
       "  28,\n",
       "  244,\n",
       "  244,\n",
       "  170,\n",
       "  134,\n",
       "  266,\n",
       "  110,\n",
       "  82,\n",
       "  51,\n",
       "  167,\n",
       "  244,\n",
       "  252,\n",
       "  215,\n",
       "  111,\n",
       "  179,\n",
       "  181],\n",
       " [77,\n",
       "  270,\n",
       "  258,\n",
       "  224,\n",
       "  197,\n",
       "  150,\n",
       "  208,\n",
       "  157,\n",
       "  183,\n",
       "  55,\n",
       "  20,\n",
       "  130,\n",
       "  255,\n",
       "  204,\n",
       "  183,\n",
       "  208,\n",
       "  294,\n",
       "  135,\n",
       "  295,\n",
       "  209],\n",
       " [211,\n",
       "  58,\n",
       "  250,\n",
       "  39,\n",
       "  51,\n",
       "  199,\n",
       "  97,\n",
       "  101,\n",
       "  230,\n",
       "  2,\n",
       "  132,\n",
       "  178,\n",
       "  245,\n",
       "  291,\n",
       "  155,\n",
       "  241,\n",
       "  120,\n",
       "  4,\n",
       "  232,\n",
       "  133],\n",
       " [142,\n",
       "  277,\n",
       "  23,\n",
       "  48,\n",
       "  28,\n",
       "  47,\n",
       "  180,\n",
       "  247,\n",
       "  158,\n",
       "  153,\n",
       "  23,\n",
       "  50,\n",
       "  163,\n",
       "  114,\n",
       "  177,\n",
       "  21,\n",
       "  26,\n",
       "  197,\n",
       "  113,\n",
       "  5],\n",
       " [171,\n",
       "  247,\n",
       "  87,\n",
       "  50,\n",
       "  131,\n",
       "  213,\n",
       "  178,\n",
       "  78,\n",
       "  164,\n",
       "  139,\n",
       "  21,\n",
       "  43,\n",
       "  250,\n",
       "  196,\n",
       "  274,\n",
       "  120,\n",
       "  188,\n",
       "  15,\n",
       "  54,\n",
       "  295],\n",
       " [226,\n",
       "  246,\n",
       "  165,\n",
       "  269,\n",
       "  285,\n",
       "  274,\n",
       "  185,\n",
       "  44,\n",
       "  2,\n",
       "  179,\n",
       "  290,\n",
       "  91,\n",
       "  127,\n",
       "  211,\n",
       "  24,\n",
       "  273,\n",
       "  104,\n",
       "  256,\n",
       "  98,\n",
       "  30],\n",
       " [71,\n",
       "  98,\n",
       "  114,\n",
       "  99,\n",
       "  283,\n",
       "  129,\n",
       "  64,\n",
       "  5,\n",
       "  161,\n",
       "  83,\n",
       "  127,\n",
       "  201,\n",
       "  248,\n",
       "  14,\n",
       "  200,\n",
       "  6,\n",
       "  59,\n",
       "  291,\n",
       "  294,\n",
       "  142],\n",
       " [105,\n",
       "  290,\n",
       "  51,\n",
       "  127,\n",
       "  261,\n",
       "  208,\n",
       "  209,\n",
       "  189,\n",
       "  218,\n",
       "  165,\n",
       "  27,\n",
       "  294,\n",
       "  29,\n",
       "  197,\n",
       "  51,\n",
       "  84,\n",
       "  146,\n",
       "  241,\n",
       "  3,\n",
       "  76],\n",
       " [182,\n",
       "  276,\n",
       "  257,\n",
       "  254,\n",
       "  276,\n",
       "  105,\n",
       "  60,\n",
       "  204,\n",
       "  150,\n",
       "  85,\n",
       "  154,\n",
       "  51,\n",
       "  69,\n",
       "  265,\n",
       "  153,\n",
       "  153,\n",
       "  36,\n",
       "  132,\n",
       "  267,\n",
       "  148],\n",
       " [157,\n",
       "  150,\n",
       "  59,\n",
       "  79,\n",
       "  187,\n",
       "  215,\n",
       "  151,\n",
       "  144,\n",
       "  68,\n",
       "  175,\n",
       "  85,\n",
       "  170,\n",
       "  31,\n",
       "  92,\n",
       "  108,\n",
       "  79,\n",
       "  179,\n",
       "  297,\n",
       "  168,\n",
       "  75],\n",
       " [98,\n",
       "  299,\n",
       "  218,\n",
       "  23,\n",
       "  68,\n",
       "  161,\n",
       "  186,\n",
       "  175,\n",
       "  225,\n",
       "  173,\n",
       "  150,\n",
       "  140,\n",
       "  110,\n",
       "  98,\n",
       "  117,\n",
       "  187,\n",
       "  186,\n",
       "  296,\n",
       "  67,\n",
       "  131],\n",
       " [13,\n",
       "  84,\n",
       "  163,\n",
       "  233,\n",
       "  217,\n",
       "  43,\n",
       "  180,\n",
       "  219,\n",
       "  36,\n",
       "  164,\n",
       "  33,\n",
       "  298,\n",
       "  129,\n",
       "  297,\n",
       "  294,\n",
       "  279,\n",
       "  101,\n",
       "  187,\n",
       "  216,\n",
       "  32],\n",
       " [250,\n",
       "  86,\n",
       "  232,\n",
       "  217,\n",
       "  215,\n",
       "  256,\n",
       "  220,\n",
       "  148,\n",
       "  43,\n",
       "  151,\n",
       "  290,\n",
       "  287,\n",
       "  20,\n",
       "  95,\n",
       "  244,\n",
       "  130,\n",
       "  58,\n",
       "  291,\n",
       "  282,\n",
       "  255],\n",
       " [229,\n",
       "  75,\n",
       "  1,\n",
       "  126,\n",
       "  249,\n",
       "  268,\n",
       "  46,\n",
       "  147,\n",
       "  148,\n",
       "  264,\n",
       "  247,\n",
       "  216,\n",
       "  112,\n",
       "  246,\n",
       "  288,\n",
       "  38,\n",
       "  45,\n",
       "  14,\n",
       "  12,\n",
       "  119],\n",
       " [270,\n",
       "  173,\n",
       "  166,\n",
       "  1,\n",
       "  41,\n",
       "  278,\n",
       "  19,\n",
       "  192,\n",
       "  287,\n",
       "  94,\n",
       "  35,\n",
       "  221,\n",
       "  262,\n",
       "  83,\n",
       "  227,\n",
       "  209,\n",
       "  210,\n",
       "  58,\n",
       "  28,\n",
       "  107],\n",
       " [144,\n",
       "  173,\n",
       "  287,\n",
       "  152,\n",
       "  105,\n",
       "  29,\n",
       "  130,\n",
       "  87,\n",
       "  210,\n",
       "  259,\n",
       "  264,\n",
       "  96,\n",
       "  29,\n",
       "  61,\n",
       "  168,\n",
       "  11,\n",
       "  93,\n",
       "  166,\n",
       "  282,\n",
       "  209],\n",
       " [152,\n",
       "  160,\n",
       "  113,\n",
       "  281,\n",
       "  161,\n",
       "  70,\n",
       "  84,\n",
       "  104,\n",
       "  216,\n",
       "  11,\n",
       "  233,\n",
       "  204,\n",
       "  224,\n",
       "  97,\n",
       "  114,\n",
       "  39,\n",
       "  21,\n",
       "  84,\n",
       "  16,\n",
       "  229],\n",
       " [129,\n",
       "  207,\n",
       "  180,\n",
       "  102,\n",
       "  72,\n",
       "  273,\n",
       "  25,\n",
       "  42,\n",
       "  43,\n",
       "  294,\n",
       "  167,\n",
       "  188,\n",
       "  252,\n",
       "  137,\n",
       "  236,\n",
       "  126,\n",
       "  290,\n",
       "  142,\n",
       "  295,\n",
       "  29]]"
      ]
     },
     "execution_count": 3,
     "metadata": {},
     "output_type": "execute_result"
    }
   ],
   "source": [
    "user_m = int(input())\n",
    "user_n = int(input())\n",
    "user_min_limit = int(input())\n",
    "user_max_limit = int(input())\n",
    "\n",
    "matrix = []\n",
    "for _ in range(user_n):\n",
    "    row = [random.randint(user_min_limit, user_max_limit) for _ in range(user_m)]\n",
    "    matrix.append(row)\n",
    "matrix\n"
   ]
  },
  {
   "cell_type": "markdown",
   "id": "catholic-roots",
   "metadata": {
    "id": "catholic-roots"
   },
   "source": [
    "### Задание №3\n",
    "Реализовать методы сортировки строк числовой матрицы в соответствии с\n",
    "заданием. Оценить время работы каждого алгоритма сортировки и сравнить его со\n",
    "временем стандартной функции сортировки. Испытания проводить на сгенерированных\n",
    "матрицах."
   ]
  },
  {
   "cell_type": "code",
   "execution_count": null,
   "id": "opposed-creature",
   "metadata": {
    "id": "opposed-creature"
   },
   "outputs": [],
   "source": [
    "import copy"
   ]
  },
  {
   "cell_type": "code",
   "execution_count": null,
   "id": "cleared-anniversary",
   "metadata": {
    "id": "cleared-anniversary",
    "outputId": "b7c76c60-4acb-4c14-9bfb-d4f8d71093a1"
   },
   "outputs": [
    {
     "name": "stdout",
     "output_type": "stream",
     "text": [
      "[33, 46, 49, 56, 60, 106, 110, 113, 119, 128, 130, 160, 172, 206, 223, 227, 231, 259, 272, 281]\n",
      "[42, 68, 82, 95, 117, 120, 123, 131, 140, 162, 166, 186, 204, 220, 228, 249, 251, 264, 289, 291]\n",
      "[1, 17, 36, 57, 82, 96, 112, 123, 132, 136, 147, 162, 172, 186, 194, 197, 225, 230, 279, 296]\n",
      "[6, 17, 29, 40, 49, 50, 54, 57, 73, 73, 86, 168, 195, 218, 236, 239, 242, 265, 280, 283]\n",
      "[27, 38, 43, 62, 63, 63, 67, 70, 93, 126, 156, 188, 196, 223, 227, 232, 275, 279, 292, 300]\n",
      "[10, 24, 43, 83, 99, 101, 113, 115, 143, 173, 179, 193, 208, 217, 226, 238, 249, 261, 293, 296]\n",
      "[13, 32, 43, 52, 88, 100, 104, 116, 168, 200, 209, 234, 234, 243, 246, 255, 260, 269, 280, 293]\n",
      "[28, 51, 82, 110, 111, 130, 134, 167, 170, 179, 181, 202, 215, 244, 244, 244, 252, 266, 286, 297]\n",
      "[20, 55, 77, 130, 135, 150, 157, 183, 183, 197, 204, 208, 208, 209, 224, 255, 258, 270, 294, 295]\n",
      "[2, 4, 39, 51, 58, 97, 101, 120, 132, 133, 155, 178, 199, 211, 230, 232, 241, 245, 250, 291]\n",
      "[5, 21, 23, 23, 26, 28, 47, 48, 50, 113, 114, 142, 153, 158, 163, 177, 180, 197, 247, 277]\n",
      "[15, 21, 43, 50, 54, 78, 87, 120, 131, 139, 164, 171, 178, 188, 196, 213, 247, 250, 274, 295]\n",
      "[2, 24, 30, 44, 91, 98, 104, 127, 165, 179, 185, 211, 226, 246, 256, 269, 273, 274, 285, 290]\n",
      "[5, 6, 14, 59, 64, 71, 83, 98, 99, 114, 127, 129, 142, 161, 200, 201, 248, 283, 291, 294]\n",
      "[3, 27, 29, 51, 51, 76, 84, 105, 127, 146, 165, 189, 197, 208, 209, 218, 241, 261, 290, 294]\n",
      "[36, 51, 60, 69, 85, 105, 132, 148, 150, 153, 153, 154, 182, 204, 254, 257, 265, 267, 276, 276]\n",
      "[31, 59, 68, 75, 79, 79, 85, 92, 108, 144, 150, 151, 157, 168, 170, 175, 179, 187, 215, 297]\n",
      "[23, 67, 68, 98, 98, 110, 117, 131, 140, 150, 161, 173, 175, 186, 186, 187, 218, 225, 296, 299]\n",
      "[13, 32, 33, 36, 43, 84, 101, 129, 163, 164, 180, 187, 216, 217, 219, 233, 279, 294, 297, 298]\n",
      "[20, 43, 58, 86, 95, 130, 148, 151, 215, 217, 220, 232, 244, 250, 255, 256, 282, 287, 290, 291]\n",
      "[1, 12, 14, 38, 45, 46, 75, 112, 119, 126, 147, 148, 216, 229, 246, 247, 249, 264, 268, 288]\n",
      "[1, 19, 28, 35, 41, 58, 83, 94, 107, 166, 173, 192, 209, 210, 221, 227, 262, 270, 278, 287]\n",
      "[11, 29, 29, 61, 87, 93, 96, 105, 130, 144, 152, 166, 168, 173, 209, 210, 259, 264, 282, 287]\n",
      "[11, 16, 21, 39, 70, 84, 84, 97, 104, 113, 114, 152, 160, 161, 204, 216, 224, 229, 233, 281]\n",
      "[25, 29, 42, 43, 72, 102, 126, 129, 137, 142, 167, 180, 188, 207, 236, 252, 273, 290, 294, 295]\n",
      "--- 1 ms ---\n"
     ]
    }
   ],
   "source": [
    "# Сортировка выбором.\n",
    "# Берётся срез массива, в котором минимальный элемент переносят в самый левый угол,\n",
    "# после чего срез уменьшается и цикл повторяется.\n",
    "start_time = time.time()\n",
    "matrix_copy = matrix\n",
    "\n",
    "for i in range(len(matrix_copy)):\n",
    "    for j in range(len(matrix_copy[i])):\n",
    "        min_index = j\n",
    "        for k in range(j + 1, len(matrix_copy[i])):\n",
    "            if matrix_copy[i][k] < matrix_copy[i][min_index]:\n",
    "                min_index = k\n",
    "        matrix_copy[i][j], matrix_copy[i][min_index] = matrix_copy[i][min_index], matrix_copy[i][j]\n",
    "for row in matrix_copy:\n",
    "    print(row)\n",
    "print(\"--- {0} ms ---\".format(round((time.time() - start_time)*1000)))"
   ]
  },
  {
   "cell_type": "code",
   "execution_count": null,
   "id": "roman-silly",
   "metadata": {
    "id": "roman-silly",
    "outputId": "84666b71-fb68-4c07-d27d-e716af29fcbb",
    "scrolled": true
   },
   "outputs": [
    {
     "name": "stdout",
     "output_type": "stream",
     "text": [
      "[1, 12, 14, 38, 45, 46, 75, 112, 119, 126, 147, 148, 216, 229, 246, 247, 249, 264, 268, 288]\n",
      "[1, 17, 36, 57, 82, 96, 112, 123, 132, 136, 147, 162, 172, 186, 194, 197, 225, 230, 279, 296]\n",
      "[1, 19, 28, 35, 41, 58, 83, 94, 107, 166, 173, 192, 209, 210, 221, 227, 262, 270, 278, 287]\n",
      "[2, 4, 39, 51, 58, 97, 101, 120, 132, 133, 155, 178, 199, 211, 230, 232, 241, 245, 250, 291]\n",
      "[2, 24, 30, 44, 91, 98, 104, 127, 165, 179, 185, 211, 226, 246, 256, 269, 273, 274, 285, 290]\n",
      "[3, 27, 29, 51, 51, 76, 84, 105, 127, 146, 165, 189, 197, 208, 209, 218, 241, 261, 290, 294]\n",
      "[5, 6, 14, 59, 64, 71, 83, 98, 99, 114, 127, 129, 142, 161, 200, 201, 248, 283, 291, 294]\n",
      "[5, 21, 23, 23, 26, 28, 47, 48, 50, 113, 114, 142, 153, 158, 163, 177, 180, 197, 247, 277]\n",
      "[6, 17, 29, 40, 49, 50, 54, 57, 73, 73, 86, 168, 195, 218, 236, 239, 242, 265, 280, 283]\n",
      "[10, 24, 43, 83, 99, 101, 113, 115, 143, 173, 179, 193, 208, 217, 226, 238, 249, 261, 293, 296]\n",
      "[11, 16, 21, 39, 70, 84, 84, 97, 104, 113, 114, 152, 160, 161, 204, 216, 224, 229, 233, 281]\n",
      "[11, 29, 29, 61, 87, 93, 96, 105, 130, 144, 152, 166, 168, 173, 209, 210, 259, 264, 282, 287]\n",
      "[13, 32, 33, 36, 43, 84, 101, 129, 163, 164, 180, 187, 216, 217, 219, 233, 279, 294, 297, 298]\n",
      "[13, 32, 43, 52, 88, 100, 104, 116, 168, 200, 209, 234, 234, 243, 246, 255, 260, 269, 280, 293]\n",
      "[15, 21, 43, 50, 54, 78, 87, 120, 131, 139, 164, 171, 178, 188, 196, 213, 247, 250, 274, 295]\n",
      "[20, 43, 58, 86, 95, 130, 148, 151, 215, 217, 220, 232, 244, 250, 255, 256, 282, 287, 290, 291]\n",
      "[20, 55, 77, 130, 135, 150, 157, 183, 183, 197, 204, 208, 208, 209, 224, 255, 258, 270, 294, 295]\n",
      "[23, 67, 68, 98, 98, 110, 117, 131, 140, 150, 161, 173, 175, 186, 186, 187, 218, 225, 296, 299]\n",
      "[25, 29, 42, 43, 72, 102, 126, 129, 137, 142, 167, 180, 188, 207, 236, 252, 273, 290, 294, 295]\n",
      "[27, 38, 43, 62, 63, 63, 67, 70, 93, 126, 156, 188, 196, 223, 227, 232, 275, 279, 292, 300]\n",
      "[28, 51, 82, 110, 111, 130, 134, 167, 170, 179, 181, 202, 215, 244, 244, 244, 252, 266, 286, 297]\n",
      "[31, 59, 68, 75, 79, 79, 85, 92, 108, 144, 150, 151, 157, 168, 170, 175, 179, 187, 215, 297]\n",
      "[33, 46, 49, 56, 60, 106, 110, 113, 119, 128, 130, 160, 172, 206, 223, 227, 231, 259, 272, 281]\n",
      "[36, 51, 60, 69, 85, 105, 132, 148, 150, 153, 153, 154, 182, 204, 254, 257, 265, 267, 276, 276]\n",
      "[42, 68, 82, 95, 117, 120, 123, 131, 140, 162, 166, 186, 204, 220, 228, 249, 251, 264, 289, 291]\n",
      "--- 0 ms ---\n"
     ]
    }
   ],
   "source": [
    "# Сортировка вставкой.\n",
    "start_time = time.time()\n",
    "matrix_copy = matrix\n",
    "for i in range(1, len(matrix_copy)):\n",
    "    key = matrix_copy[i]\n",
    "    j = i - 1\n",
    "    while j >= 0 and matrix_copy[j] > key:\n",
    "        matrix_copy[j + 1] = matrix_copy[j]\n",
    "        j -= 1\n",
    "    matrix_copy[j + 1] = key\n",
    "for row in matrix_copy:\n",
    "    print(row)\n",
    "print(\"--- {0} ms ---\".format(round((time.time() - start_time)*1000)))"
   ]
  },
  {
   "cell_type": "code",
   "execution_count": null,
   "id": "vital-implementation",
   "metadata": {
    "id": "vital-implementation",
    "outputId": "7b648bf5-37a5-4d47-926d-b799f7a23be2"
   },
   "outputs": [
    {
     "name": "stdout",
     "output_type": "stream",
     "text": [
      "[1, 12, 14, 38, 45, 46, 75, 112, 119, 126, 147, 148, 216, 229, 246, 247, 249, 264, 268, 288]\n",
      "[1, 17, 36, 57, 82, 96, 112, 123, 132, 136, 147, 162, 172, 186, 194, 197, 225, 230, 279, 296]\n",
      "[1, 19, 28, 35, 41, 58, 83, 94, 107, 166, 173, 192, 209, 210, 221, 227, 262, 270, 278, 287]\n",
      "[2, 4, 39, 51, 58, 97, 101, 120, 132, 133, 155, 178, 199, 211, 230, 232, 241, 245, 250, 291]\n",
      "[2, 24, 30, 44, 91, 98, 104, 127, 165, 179, 185, 211, 226, 246, 256, 269, 273, 274, 285, 290]\n",
      "[3, 27, 29, 51, 51, 76, 84, 105, 127, 146, 165, 189, 197, 208, 209, 218, 241, 261, 290, 294]\n",
      "[5, 6, 14, 59, 64, 71, 83, 98, 99, 114, 127, 129, 142, 161, 200, 201, 248, 283, 291, 294]\n",
      "[5, 21, 23, 23, 26, 28, 47, 48, 50, 113, 114, 142, 153, 158, 163, 177, 180, 197, 247, 277]\n",
      "[6, 17, 29, 40, 49, 50, 54, 57, 73, 73, 86, 168, 195, 218, 236, 239, 242, 265, 280, 283]\n",
      "[10, 24, 43, 83, 99, 101, 113, 115, 143, 173, 179, 193, 208, 217, 226, 238, 249, 261, 293, 296]\n",
      "[11, 16, 21, 39, 70, 84, 84, 97, 104, 113, 114, 152, 160, 161, 204, 216, 224, 229, 233, 281]\n",
      "[11, 29, 29, 61, 87, 93, 96, 105, 130, 144, 152, 166, 168, 173, 209, 210, 259, 264, 282, 287]\n",
      "[13, 32, 33, 36, 43, 84, 101, 129, 163, 164, 180, 187, 216, 217, 219, 233, 279, 294, 297, 298]\n",
      "[13, 32, 43, 52, 88, 100, 104, 116, 168, 200, 209, 234, 234, 243, 246, 255, 260, 269, 280, 293]\n",
      "[15, 21, 43, 50, 54, 78, 87, 120, 131, 139, 164, 171, 178, 188, 196, 213, 247, 250, 274, 295]\n",
      "[20, 43, 58, 86, 95, 130, 148, 151, 215, 217, 220, 232, 244, 250, 255, 256, 282, 287, 290, 291]\n",
      "[20, 55, 77, 130, 135, 150, 157, 183, 183, 197, 204, 208, 208, 209, 224, 255, 258, 270, 294, 295]\n",
      "[23, 67, 68, 98, 98, 110, 117, 131, 140, 150, 161, 173, 175, 186, 186, 187, 218, 225, 296, 299]\n",
      "[25, 29, 42, 43, 72, 102, 126, 129, 137, 142, 167, 180, 188, 207, 236, 252, 273, 290, 294, 295]\n",
      "[27, 38, 43, 62, 63, 63, 67, 70, 93, 126, 156, 188, 196, 223, 227, 232, 275, 279, 292, 300]\n",
      "[28, 51, 82, 110, 111, 130, 134, 167, 170, 179, 181, 202, 215, 244, 244, 244, 252, 266, 286, 297]\n",
      "[31, 59, 68, 75, 79, 79, 85, 92, 108, 144, 150, 151, 157, 168, 170, 175, 179, 187, 215, 297]\n",
      "[33, 46, 49, 56, 60, 106, 110, 113, 119, 128, 130, 160, 172, 206, 223, 227, 231, 259, 272, 281]\n",
      "[36, 51, 60, 69, 85, 105, 132, 148, 150, 153, 153, 154, 182, 204, 254, 257, 265, 267, 276, 276]\n",
      "[42, 68, 82, 95, 117, 120, 123, 131, 140, 162, 166, 186, 204, 220, 228, 249, 251, 264, 289, 291]\n",
      "--- 1 ms ---\n"
     ]
    }
   ],
   "source": [
    "# Сортировка обменом. || Сортировка пузырьком.\n",
    "start_time = time.time()\n",
    "matrix_copy = matrix\n",
    "n = len(matrix_copy)\n",
    "for i in range(n - 1):\n",
    "    swapped = False\n",
    "    for j in range(n - 1 - i):\n",
    "        if matrix_copy[j] > matrix_copy[j + 1]:\n",
    "            matrix_copy[j], matrix_copy[j + 1] = matrix_copy[j + 1], matrix_copy[j]\n",
    "            swapped = True\n",
    "    if not swapped:\n",
    "        break\n",
    "for row in matrix_copy:\n",
    "    print(row)\n",
    "print(\"--- {0} ms ---\".format(round((time.time() - start_time)*1000)))"
   ]
  },
  {
   "cell_type": "code",
   "execution_count": null,
   "id": "veterinary-glory",
   "metadata": {
    "id": "veterinary-glory",
    "outputId": "9cc2a9ff-ec7a-43de-e4a8-47945d030986"
   },
   "outputs": [
    {
     "name": "stdout",
     "output_type": "stream",
     "text": [
      "[1, 12, 14, 38, 45, 46, 75, 112, 119, 126, 147, 148, 216, 229, 246, 247, 249, 264, 268, 288]\n",
      "[1, 17, 36, 57, 82, 96, 112, 123, 132, 136, 147, 162, 172, 186, 194, 197, 225, 230, 279, 296]\n",
      "[1, 19, 28, 35, 41, 58, 83, 94, 107, 166, 173, 192, 209, 210, 221, 227, 262, 270, 278, 287]\n",
      "[2, 4, 39, 51, 58, 97, 101, 120, 132, 133, 155, 178, 199, 211, 230, 232, 241, 245, 250, 291]\n",
      "[2, 24, 30, 44, 91, 98, 104, 127, 165, 179, 185, 211, 226, 246, 256, 269, 273, 274, 285, 290]\n",
      "[3, 27, 29, 51, 51, 76, 84, 105, 127, 146, 165, 189, 197, 208, 209, 218, 241, 261, 290, 294]\n",
      "[5, 6, 14, 59, 64, 71, 83, 98, 99, 114, 127, 129, 142, 161, 200, 201, 248, 283, 291, 294]\n",
      "[5, 21, 23, 23, 26, 28, 47, 48, 50, 113, 114, 142, 153, 158, 163, 177, 180, 197, 247, 277]\n",
      "[6, 17, 29, 40, 49, 50, 54, 57, 73, 73, 86, 168, 195, 218, 236, 239, 242, 265, 280, 283]\n",
      "[10, 24, 43, 83, 99, 101, 113, 115, 143, 173, 179, 193, 208, 217, 226, 238, 249, 261, 293, 296]\n",
      "[11, 16, 21, 39, 70, 84, 84, 97, 104, 113, 114, 152, 160, 161, 204, 216, 224, 229, 233, 281]\n",
      "[11, 29, 29, 61, 87, 93, 96, 105, 130, 144, 152, 166, 168, 173, 209, 210, 259, 264, 282, 287]\n",
      "[13, 32, 33, 36, 43, 84, 101, 129, 163, 164, 180, 187, 216, 217, 219, 233, 279, 294, 297, 298]\n",
      "[13, 32, 43, 52, 88, 100, 104, 116, 168, 200, 209, 234, 234, 243, 246, 255, 260, 269, 280, 293]\n",
      "[15, 21, 43, 50, 54, 78, 87, 120, 131, 139, 164, 171, 178, 188, 196, 213, 247, 250, 274, 295]\n",
      "[20, 43, 58, 86, 95, 130, 148, 151, 215, 217, 220, 232, 244, 250, 255, 256, 282, 287, 290, 291]\n",
      "[20, 55, 77, 130, 135, 150, 157, 183, 183, 197, 204, 208, 208, 209, 224, 255, 258, 270, 294, 295]\n",
      "[23, 67, 68, 98, 98, 110, 117, 131, 140, 150, 161, 173, 175, 186, 186, 187, 218, 225, 296, 299]\n",
      "[25, 29, 42, 43, 72, 102, 126, 129, 137, 142, 167, 180, 188, 207, 236, 252, 273, 290, 294, 295]\n",
      "[27, 38, 43, 62, 63, 63, 67, 70, 93, 126, 156, 188, 196, 223, 227, 232, 275, 279, 292, 300]\n",
      "[28, 51, 82, 110, 111, 130, 134, 167, 170, 179, 181, 202, 215, 244, 244, 244, 252, 266, 286, 297]\n",
      "[31, 59, 68, 75, 79, 79, 85, 92, 108, 144, 150, 151, 157, 168, 170, 175, 179, 187, 215, 297]\n",
      "[33, 46, 49, 56, 60, 106, 110, 113, 119, 128, 130, 160, 172, 206, 223, 227, 231, 259, 272, 281]\n",
      "[36, 51, 60, 69, 85, 105, 132, 148, 150, 153, 153, 154, 182, 204, 254, 257, 265, 267, 276, 276]\n",
      "[42, 68, 82, 95, 117, 120, 123, 131, 140, 162, 166, 186, 204, 220, 228, 249, 251, 264, 289, 291]\n",
      "--- 0 ms ---\n"
     ]
    }
   ],
   "source": [
    "# Сортировка Шелла.\n",
    "start_time = time.time()\n",
    "matrix_copy = matrix\n",
    "n = len(matrix_copy)\n",
    "gap = n // 2\n",
    "while gap > 0:\n",
    "    for i in range(gap, n):\n",
    "        temp = matrix_copy[i]\n",
    "        j = i\n",
    "        while j >= gap and matrix_copy[j - gap] > temp:\n",
    "            matrix_copy[j] = matrix_copy[j - gap]\n",
    "            j -= gap\n",
    "        matrix_copy[j] = temp\n",
    "    gap //= 2\n",
    "for row in matrix_copy:\n",
    "    print(row)\n",
    "print(\"--- {0} ms ---\".format(round((time.time() - start_time)*1000)))"
   ]
  },
  {
   "cell_type": "code",
   "execution_count": null,
   "id": "correct-chaos",
   "metadata": {
    "id": "correct-chaos",
    "outputId": "f4d9aef1-8a2f-46a0-def0-4c9e049f5c77"
   },
   "outputs": [
    {
     "name": "stdout",
     "output_type": "stream",
     "text": [
      "[1, 12, 14, 38, 45, 46, 75, 112, 119, 126, 147, 148, 216, 229, 246, 247, 249, 264, 268, 288]\n",
      "[1, 17, 36, 57, 82, 96, 112, 123, 132, 136, 147, 162, 172, 186, 194, 197, 225, 230, 279, 296]\n",
      "[1, 19, 28, 35, 41, 58, 83, 94, 107, 166, 173, 192, 209, 210, 221, 227, 262, 270, 278, 287]\n",
      "[2, 4, 39, 51, 58, 97, 101, 120, 132, 133, 155, 178, 199, 211, 230, 232, 241, 245, 250, 291]\n",
      "[2, 24, 30, 44, 91, 98, 104, 127, 165, 179, 185, 211, 226, 246, 256, 269, 273, 274, 285, 290]\n",
      "[3, 27, 29, 51, 51, 76, 84, 105, 127, 146, 165, 189, 197, 208, 209, 218, 241, 261, 290, 294]\n",
      "[5, 6, 14, 59, 64, 71, 83, 98, 99, 114, 127, 129, 142, 161, 200, 201, 248, 283, 291, 294]\n",
      "[5, 21, 23, 23, 26, 28, 47, 48, 50, 113, 114, 142, 153, 158, 163, 177, 180, 197, 247, 277]\n",
      "[6, 17, 29, 40, 49, 50, 54, 57, 73, 73, 86, 168, 195, 218, 236, 239, 242, 265, 280, 283]\n",
      "[10, 24, 43, 83, 99, 101, 113, 115, 143, 173, 179, 193, 208, 217, 226, 238, 249, 261, 293, 296]\n",
      "[11, 16, 21, 39, 70, 84, 84, 97, 104, 113, 114, 152, 160, 161, 204, 216, 224, 229, 233, 281]\n",
      "[11, 29, 29, 61, 87, 93, 96, 105, 130, 144, 152, 166, 168, 173, 209, 210, 259, 264, 282, 287]\n",
      "[13, 32, 33, 36, 43, 84, 101, 129, 163, 164, 180, 187, 216, 217, 219, 233, 279, 294, 297, 298]\n",
      "[13, 32, 43, 52, 88, 100, 104, 116, 168, 200, 209, 234, 234, 243, 246, 255, 260, 269, 280, 293]\n",
      "[15, 21, 43, 50, 54, 78, 87, 120, 131, 139, 164, 171, 178, 188, 196, 213, 247, 250, 274, 295]\n",
      "[20, 43, 58, 86, 95, 130, 148, 151, 215, 217, 220, 232, 244, 250, 255, 256, 282, 287, 290, 291]\n",
      "[20, 55, 77, 130, 135, 150, 157, 183, 183, 197, 204, 208, 208, 209, 224, 255, 258, 270, 294, 295]\n",
      "[23, 67, 68, 98, 98, 110, 117, 131, 140, 150, 161, 173, 175, 186, 186, 187, 218, 225, 296, 299]\n",
      "[25, 29, 42, 43, 72, 102, 126, 129, 137, 142, 167, 180, 188, 207, 236, 252, 273, 290, 294, 295]\n",
      "[27, 38, 43, 62, 63, 63, 67, 70, 93, 126, 156, 188, 196, 223, 227, 232, 275, 279, 292, 300]\n",
      "[28, 51, 82, 110, 111, 130, 134, 167, 170, 179, 181, 202, 215, 244, 244, 244, 252, 266, 286, 297]\n",
      "[31, 59, 68, 75, 79, 79, 85, 92, 108, 144, 150, 151, 157, 168, 170, 175, 179, 187, 215, 297]\n",
      "[33, 46, 49, 56, 60, 106, 110, 113, 119, 128, 130, 160, 172, 206, 223, 227, 231, 259, 272, 281]\n",
      "[36, 51, 60, 69, 85, 105, 132, 148, 150, 153, 153, 154, 182, 204, 254, 257, 265, 267, 276, 276]\n",
      "[42, 68, 82, 95, 117, 120, 123, 131, 140, 162, 166, 186, 204, 220, 228, 249, 251, 264, 289, 291]\n",
      "--- 1 ms ---\n"
     ]
    }
   ],
   "source": [
    "# Быстрая сортировка.\n",
    "start_time = time.time()\n",
    "matrix_copy = matrix\n",
    "def quick_sort(matrix_copy):\n",
    "    if len(matrix_copy) <= 1:\n",
    "        return matrix_copy\n",
    "    \n",
    "    pivot = random.choice(matrix_copy)\n",
    "    left = [x for x in matrix_copy if x < pivot]\n",
    "    middle = [x for x in matrix_copy if x == pivot]\n",
    "    right = [x for x in matrix_copy if x > pivot]\n",
    "    \n",
    "    return quick_sort(left) + middle + quick_sort(right)\n",
    "sort_matrix_copy = quick_sort(matrix_copy)\n",
    "for row in sort_matrix_copy:\n",
    "    print(row)\n",
    "print(\"--- {0} ms ---\".format(round((time.time() - start_time)*1000)))\n",
    "    "
   ]
  },
  {
   "cell_type": "code",
   "execution_count": null,
   "id": "french-czech",
   "metadata": {
    "colab": {
     "base_uri": "https://localhost:8080/",
     "height": 217
    },
    "executionInfo": {
     "elapsed": 433,
     "status": "error",
     "timestamp": 1645638345253,
     "user": {
      "displayName": "Sergey Simonov",
      "photoUrl": "https://lh3.googleusercontent.com/a-/AOh14GhQdeIfzzsg8bfb7DLHaLzEFH8Ebg2FyuaL9YoQyA=s64",
      "userId": "14094206399671235086"
     },
     "user_tz": -180
    },
    "id": "french-czech",
    "outputId": "7e38b779-8bbf-4955-c3ad-2a6be0ee386a"
   },
   "outputs": [
    {
     "name": "stdout",
     "output_type": "stream",
     "text": [
      "[1, 12, 14, 38, 45, 46, 75, 112, 119, 126, 147, 148, 216, 229, 246, 247, 249, 264, 268, 288]\n",
      "[1, 17, 36, 57, 82, 96, 112, 123, 132, 136, 147, 162, 172, 186, 194, 197, 225, 230, 279, 296]\n",
      "[1, 19, 28, 35, 41, 58, 83, 94, 107, 166, 173, 192, 209, 210, 221, 227, 262, 270, 278, 287]\n",
      "[2, 4, 39, 51, 58, 97, 101, 120, 132, 133, 155, 178, 199, 211, 230, 232, 241, 245, 250, 291]\n",
      "[2, 24, 30, 44, 91, 98, 104, 127, 165, 179, 185, 211, 226, 246, 256, 269, 273, 274, 285, 290]\n",
      "[3, 27, 29, 51, 51, 76, 84, 105, 127, 146, 165, 189, 197, 208, 209, 218, 241, 261, 290, 294]\n",
      "[5, 6, 14, 59, 64, 71, 83, 98, 99, 114, 127, 129, 142, 161, 200, 201, 248, 283, 291, 294]\n",
      "[5, 21, 23, 23, 26, 28, 47, 48, 50, 113, 114, 142, 153, 158, 163, 177, 180, 197, 247, 277]\n",
      "[6, 17, 29, 40, 49, 50, 54, 57, 73, 73, 86, 168, 195, 218, 236, 239, 242, 265, 280, 283]\n",
      "[10, 24, 43, 83, 99, 101, 113, 115, 143, 173, 179, 193, 208, 217, 226, 238, 249, 261, 293, 296]\n",
      "[11, 16, 21, 39, 70, 84, 84, 97, 104, 113, 114, 152, 160, 161, 204, 216, 224, 229, 233, 281]\n",
      "[11, 29, 29, 61, 87, 93, 96, 105, 130, 144, 152, 166, 168, 173, 209, 210, 259, 264, 282, 287]\n",
      "[13, 32, 33, 36, 43, 84, 101, 129, 163, 164, 180, 187, 216, 217, 219, 233, 279, 294, 297, 298]\n",
      "[13, 32, 43, 52, 88, 100, 104, 116, 168, 200, 209, 234, 234, 243, 246, 255, 260, 269, 280, 293]\n",
      "[15, 21, 43, 50, 54, 78, 87, 120, 131, 139, 164, 171, 178, 188, 196, 213, 247, 250, 274, 295]\n",
      "[20, 43, 58, 86, 95, 130, 148, 151, 215, 217, 220, 232, 244, 250, 255, 256, 282, 287, 290, 291]\n",
      "[20, 55, 77, 130, 135, 150, 157, 183, 183, 197, 204, 208, 208, 209, 224, 255, 258, 270, 294, 295]\n",
      "[23, 67, 68, 98, 98, 110, 117, 131, 140, 150, 161, 173, 175, 186, 186, 187, 218, 225, 296, 299]\n",
      "[25, 29, 42, 43, 72, 102, 126, 129, 137, 142, 167, 180, 188, 207, 236, 252, 273, 290, 294, 295]\n",
      "[27, 38, 43, 62, 63, 63, 67, 70, 93, 126, 156, 188, 196, 223, 227, 232, 275, 279, 292, 300]\n",
      "[28, 51, 82, 110, 111, 130, 134, 167, 170, 179, 181, 202, 215, 244, 244, 244, 252, 266, 286, 297]\n",
      "[31, 59, 68, 75, 79, 79, 85, 92, 108, 144, 150, 151, 157, 168, 170, 175, 179, 187, 215, 297]\n",
      "[33, 46, 49, 56, 60, 106, 110, 113, 119, 128, 130, 160, 172, 206, 223, 227, 231, 259, 272, 281]\n",
      "[36, 51, 60, 69, 85, 105, 132, 148, 150, 153, 153, 154, 182, 204, 254, 257, 265, 267, 276, 276]\n",
      "[42, 68, 82, 95, 117, 120, 123, 131, 140, 162, 166, 186, 204, 220, 228, 249, 251, 264, 289, 291]\n",
      "--- 2 ms ---\n"
     ]
    }
   ],
   "source": [
    "# Турнирная сортировка.\n",
    "start_time = time.time()\n",
    "matrix_copy = matrix\n",
    "def build_tournament_tree(leaf_nodes):\n",
    "    \"\"\"Создает турнирное дерево для массива\"\"\"\n",
    "    n = len(leaf_nodes)\n",
    "    tree = [None] * (2 * n)\n",
    "\n",
    "    for i in range(n):\n",
    "        tree[n + i] = leaf_nodes[i]\n",
    "\n",
    "    for i in range(n - 1, 0, -1):\n",
    "        tree[i] = min(tree[2 * i], tree[2 * i + 1])\n",
    "\n",
    "    return tree\n",
    "\n",
    "def update_tournament_tree(tree, index, inf):\n",
    "    \"\"\"Обновляет турнирное дерево после удаления минимального элемента\"\"\"\n",
    "    tree[index] = inf\n",
    "\n",
    "    while index > 1:\n",
    "        index //= 2\n",
    "        tree[index] = min(tree[2 * index], tree[2 * index + 1])\n",
    "\n",
    "def tournament_sort(arr):\n",
    "    \"\"\"Турнирная сортировка одномерного списка\"\"\"\n",
    "    if not arr:\n",
    "        return []\n",
    "    \n",
    "    inf = float('inf')\n",
    "    n = len(arr)\n",
    "    tree = build_tournament_tree(arr)\n",
    "    sorted_list = []\n",
    "\n",
    "    for _ in range(n):\n",
    "        min_value = tree[1]\n",
    "        sorted_list.append(min_value)\n",
    "\n",
    "        index = tree.index(min_value, len(tree) // 2)\n",
    "        update_tournament_tree(tree, index, inf)\n",
    "\n",
    "    return sorted_list\n",
    "\n",
    "def sort_matrix(matrix_copy):\n",
    "    \"\"\"Применяет турнирную сортировку к каждой строке матрицы\"\"\"\n",
    "    return [tournament_sort(row) for row in matrix_copy]\n",
    "\n",
    "sort_matrix_copy = sort_matrix(matrix_copy)\n",
    "for row in sort_matrix_copy:\n",
    "    print(row)\n",
    "print(\"--- {0} ms ---\".format(round((time.time() - start_time)*1000)))"
   ]
  },
  {
   "cell_type": "markdown",
   "id": "rental-jerusalem",
   "metadata": {
    "id": "rental-jerusalem"
   },
   "source": [
    "### Вывод\n"
   ]
  },
  {
   "cell_type": "markdown",
   "id": "9d108a0a",
   "metadata": {
    "id": "9d108a0a"
   },
   "source": [
    "Вывод\n",
    "\n",
    "При выборе алгоритма сортировки следует учитывать:\n",
    " • Размер и характер данных (например, уже отсортированные или случайные).\n",
    " • Требования к стабильности сортировки.\n",
    " • Ограничения по памяти и необходимости работы in-place.\n",
    " • Простоту реализации и поддержки кода.\n",
    "\n",
    "Для небольших и почти отсортированных данных отлично подойдёт Insertion Sort. Если же данные большие, то оптимальным выбором будет Randomized Quick Sort. Bubble Sort и Selection Sort редко используются для больших массивов из-за их квадратичной сложности."
   ]
  }
 ],
 "metadata": {
  "colab": {
   "provenance": []
  },
  "kernelspec": {
   "display_name": "Python 3",
   "language": "python",
   "name": "python3"
  },
  "language_info": {
   "codemirror_mode": {
    "name": "ipython",
    "version": 3
   },
   "file_extension": ".py",
   "mimetype": "text/x-python",
   "name": "python",
   "nbconvert_exporter": "python",
   "pygments_lexer": "ipython3",
   "version": "3.12.9"
  }
 },
 "nbformat": 4,
 "nbformat_minor": 5
}
